51
29
122
130
121
57
45
71
25
34
92
100
65
116
119
9
69
118
18
16
54
42
4
47
97
81
104
37
68
94
19
83
93
82
79
127
101
110
41
21
38
30
103
1
46
88
78
98
91
56
31
12
126
95
107
73
74
85
124
129
120
6
15
106
58
22
52
26
2
102
128
64
123
5
89
13
112
111
44
113
77
27
125
24
105
86
35
32
43
20
109
55
23
33
49
7
115
62
40
11
50
66
80
108
117
60
0
53
90
8
72
114
10
70
87
59
99
28
96
3
76
